Angola  (1537,2734)  (1501,2760)  (1501,2724)  (1557,2770)  (1573,2704)  (1516,2688)
Bordeaux  (1016,1614)  (980,1649)  (980,1613)  (1037,1650)  (1016,1578)  (1052,1578)  (1052,1614)
Wales  (957,1176)  (976,1212)  (940,1212)  (925,1140)  (961,1140)  (993,1176)
Balearic Islands  (1129,1822)
Livonia  (1802,764)  (1766,799)  (1766,763)  (1837,800)  (1802,728)  (1838,728)  (1838,764)  (1764,727)  (1801,835)  (1765,835)  (1730,799)  (1873,800)  (1873,836)  (1837,836)  (1800,692)  (1874,762)  (1728,732)  (1728,696)  (1764,691)  (1697,660)  (1801,871)  (1900,872)  (1864,872)  (1800,656)  (1733,655)  (1828,907)  (1792,907)  (1769,620)  (1713,619)  (1807,943)
Marseilles  (1173,1593)  (1137,1624)  (1137,1588)  (1173,1557)  (1209,1557)  (1209,1593)  (1214,1629)  (1101,1657)  (1101,1621)  (1245,1570)  (1250,1606)
Kazakhstan  (2794,1309)  (2758,1344)  (2758,1308)  (2829,1345)  (2794,1273)  (2830,1273)  (2830,1309)  (2756,1272)  (2793,1380)  (2757,1380)  (2722,1344)  (2722,1308)  (2865,1345)  (2865,1381)  (2829,1381)  (2792,1237)  (2866,1305)  (2720,1272)  (2720,1236)  (2756,1236)  (2793,1416)  (2757,1416)  (2686,1311)  (2901,1341)  (2901,1377)  (2684,1275)  (2684,1209)  (2720,1200)  (2756,1200)  (2919,1413)  (2667,1173)  (2813,1452)  (2777,1452)  (2703,1164)  (2808,1488)  (2772,1488)
Portugal  (721,1807)  (739,1843)  (700,1771)  (739,1879)  (706,1735)  (739,1915)
SZ 30  (2714,1506)  (2718,1542)  (2703,1470)  (2686,1400)  (2653,1364)
Silesia  (1592,1131)  (1556,1157)  (1556,1121)  (1592,1095)  (1628,1101)  (1628,1137)  (1520,1138)  (1664,1150)
Greece  (1877,1774)  (1841,1797)  (1912,1810)  (1869,1738)  (1876,1840)  (1867,1702)  (1936,1697)  (1972,1679)
Morocco  (840,2126)  (840,2162)  (814,2090)  (876,2136)
Kamerun  (1553,2540)  (1517,2575)  (1517,2539)  (1581,2576)  (1553,2504)  (1589,2504)  (1589,2540)  (1536,2611)  (1500,2611)  (1481,2575)  (1481,2539)  (1568,2468)  (1604,2468)  (1625,2504)  (1464,2627)  (1598,2432)
Empire of Ethiopia  (2157,2379)  (2121,2414)  (2121,2378)  (2159,2415)  (2157,2343)  (2193,2343)  (2193,2379)  (2085,2449)  (2185,2307)  (2229,2386)  (2049,2440)
SZ 29  (2726,1969)  (2690,2004)  (2690,1968)  (2726,1933)  (2762,1933)  (2688,1932)  (2685,2040)  (2783,1897)  (2649,2060)  (2613,2095)  (2588,1957)  (2577,2128)  (2561,2164)
British East Africa  (2000,2511)  (1964,2539)  (1964,2503)  (2010,2547)  (2000,2475)  (2036,2499)
SZ 24  (1349,2720)  (1313,2755)  (1313,2719)  (1384,2756)  (1349,2684)  (1385,2684)  (1385,2720)  (1311,2683)  (1348,2791)  (1312,2791)  (1277,2755)  (1277,2719)  (1276,2792)  (1347,2648)  (1383,2648)  (1421,2658)  (1421,2694)  (1421,2730)  (1275,2683)  (1275,2647)  (1311,2647)  (1375,2827)  (1339,2827)  (1241,2756)  (1241,2720)  (1303,2828)  (1267,2828)  (1240,2792)  (1347,2612)  (1383,2612)  (1275,2611)  (1311,2611)  (1395,2863)  (1359,2863)  (1323,2864)  (1347,2576)  (1383,2576)  (1285,2575)  (1397,2899)  (1361,2899)  (1412,2935)  (1376,2935)
SZ 23  (1120,2604)  (1084,2639)  (1084,2603)  (1155,2640)  (1120,2568)  (1156,2568)  (1156,2604)  (1082,2567)  (1119,2675)  (1048,2609)  (1191,2640)  (1191,2676)  (1155,2676)  (1192,2548)  (1192,2584)  (1046,2573)  (1026,2537)  (1197,2712)  (1161,2712)  (1228,2541)  (1228,2577)  (990,2551)  (978,2515)  (942,2503)
Munich  (1435,1278)  (1399,1286)  (1399,1250)  (1435,1242)  (1471,1272)  (1426,1322)  (1420,1358)
SZ 22  (689,2196)  (653,2214)  (653,2178)  (724,2232)  (689,2160)  (725,2160)  (725,2196)  (634,2142)  (617,2178)  (745,2268)  (709,2268)  (598,2142)  (749,2304)
Tyrolia  (1510,1368)  (1474,1403)  (1474,1367)  (1510,1332)  (1546,1332)  (1546,1368)  (1438,1414)  (1582,1385)
SZ 21  (2308,1490)  (2272,1506)  (2344,1465)  (2344,1501)  (2252,1470)  (2240,1434)  (2236,1506)  (2380,1445)  (2380,1481)  (2216,1470)  (2200,1520)  (2416,1465)  (2416,1501)  (2360,1374)  (2180,1484)  (2164,1545)  (2452,1496)
SZ 28  (2243,2229)  (2263,2265)  (2236,2193)  (2225,2157)
SZ 27  (2427,2289)  (2391,2324)  (2453,2253)  (2489,2227)  (2355,2336)  (2208,2517)  (2172,2543)  (2146,2579)  (2136,2543)
Somaliland  (2209,2453)  (2173,2480)  (2245,2440)  (2126,2486)
SZ 26  (1815,2858)  (1779,2893)  (1779,2857)  (1831,2894)  (1815,2822)  (1851,2822)  (1851,2858)  (1795,2929)  (1759,2929)  (1743,2893)  (1838,2786)  (1874,2786)  (1958,2707)  (1994,2679)  (1989,2643)  (2025,2643)  (2061,2612)  (2061,2648)  (2015,2607)  (2051,2576)
Constantinople  (2119,1721)  (2083,1756)  (2155,1704)  (2071,1663)  (2047,1771)  (2191,1675)  (2191,1711)  (2107,1646)  (2070,1627)
SZ 25  (1593,3041)  (1557,3076)  (1557,3040)  (1628,3077)  (1593,3005)  (1629,3005)  (1629,3041)  (1555,3004)  (1592,3112)  (1556,3112)  (1521,3076)  (1521,3040)  (1634,2969)  (1665,3005)  (1665,3041)  (1519,3004)  (1670,2964)  (1485,3046)  (1701,3000)  (1483,3010)  (1706,2957)  (1447,3008)
Ukraine  (2141,1127)  (2105,1162)  (2105,1126)  (2176,1163)  (2141,1091)  (2177,1091)  (2177,1127)  (2103,1090)  (2140,1198)  (2104,1198)  (2069,1162)  (2069,1126)  (2212,1163)  (2212,1199)  (2176,1199)  (2068,1199)  (2139,1055)  (2175,1055)  (2211,1055)  (2213,1091)  (2213,1127)  (2067,1090)  (2067,1054)  (2103,1054)  (2247,1021)  (2140,1234)  (2104,1234)  (2033,1163)  (2033,1127)  (2248,1163)  (2248,1199)  (2248,1235)  (2212,1235)  (2176,1235)  (2068,1235)  (2032,1230)  (2148,1019)  (2184,1019)  (2249,1057)  (2249,1093)  (2220,985)  (2140,1270)  (2104,1270)  (1997,1194)  (1997,1158)  (2284,1129)  (2284,1165)  (2194,1271)  (2068,1271)  (2175,983)  (2220,949)
Lorraine  (1223,1395)  (1187,1413)  (1187,1377)  (1246,1431)  (1223,1359)
French West Africa  (957,2377)  (921,2412)  (921,2376)  (992,2413)  (957,2341)  (993,2341)  (993,2377)  (919,2340)  (956,2448)  (885,2395)  (1028,2413)  (1028,2449)  (992,2449)  (1029,2346)  (883,2359)  (883,2323)  (919,2304)  (1064,2382)  (1064,2418)  (1064,2454)  (1028,2485)  (847,2366)  (847,2330)  (847,2294)  (1069,2490)  (820,2258)  (811,2325)  (801,2222)
SZ 20  (2253,1567)  (2217,1602)  (2289,1542)  (2181,1608)  (2325,1542)  (2361,1541)  (2397,1541)  (2433,1541)  (2469,1541)  (1968,1745)
Tuscany  (1460,1596)  (1424,1611)  (1424,1575)  (1465,1632)  (1501,1600)
Venice  (1462,1481)  (1426,1495)  (1467,1517)  (1498,1451)
India  (2925,1759)  (2889,1794)  (2889,1758)  (2930,1795)  (2925,1723)  (2961,1728)  (2887,1722)  (2894,1830)  (2858,1830)  (2853,1794)  (2853,1758)  (2876,1686)  (2912,1686)  (2822,1847)  (2859,1866)  (2895,1650)
Picardy  (1090,1337)  (1054,1372)  (1068,1301)  (1126,1317)
Budapest  (1863,1370)  (1827,1405)  (1827,1369)  (1898,1406)  (1863,1334)  (1899,1334)  (1899,1370)  (1825,1333)  (1862,1441)  (1826,1441)  (1791,1405)  (1791,1369)  (1934,1406)  (1790,1442)  (1861,1298)  (1897,1298)  (1933,1298)  (1935,1334)  (1935,1370)  (1789,1333)  (1817,1297)  (1754,1467)  (1754,1431)  (1971,1355)  (1718,1481)
Canada  (453,1193)  (417,1228)  (417,1192)  (475,1229)  (453,1157)  (489,1157)  (489,1193)  (381,1255)  (525,1167)  (538,1296)  (345,1289)  (309,1324)  (358,1355)  (273,1359)  (372,1391)  (336,1391)  (239,1397)  (206,1433)  (170,1439)
Belgium  (1199,1249)  (1163,1281)  (1163,1245)  (1232,1285)  (1199,1213)  (1161,1209)
Finland  (1671,457)  (1635,492)  (1635,456)  (1706,493)  (1671,421)  (1633,420)  (1670,528)  (1742,501)  (1706,529)  (1613,384)  (1649,384)  (1574,361)  (1538,343)  (1574,325)  (1520,307)  (1556,289)  (1484,298)  (1520,271)  (1556,253)  (1505,235)  (1541,217)  (1533,181)
London  (1069,1181)  (1067,1217)  (1090,1145)
SZ 19  (2067,1962)  (2031,1997)  (2031,1961)  (2102,1998)  (2067,1926)  (2103,1926)  (2103,1962)  (2029,1925)  (2041,2033)  (2005,2033)  (1995,1997)  (1995,1961)  (2138,1998)  (2139,1890)  (2139,1926)  (2139,1962)  (1993,1925)  (1986,1889)  (1969,2033)  (2175,1878)
SZ 18  (1559,1565)  (1523,1556)  (1594,1601)  (1665,1613)
Trans-Jordan  (2246,1972)  (2210,2007)  (2210,1971)  (2270,2008)  (2246,1936)  (2282,1936)  (2234,2043)  (2271,2044)  (2230,1900)  (2266,1900)  (2235,2079)  (2284,2080)  (2241,1864)  (2288,2116)  (2303,2152)  (2300,2188)  (2306,2224)
Hanover  (1431,1156)  (1395,1191)  (1395,1155)  (1432,1192)  (1467,1128)  (1468,1164)
Union of South Africa  (1585,2890)  (1549,2925)  (1549,2889)  (1619,2926)  (1585,2854)  (1621,2854)  (1621,2890)  (1513,2957)  (1513,2921)  (1657,2864)  (1477,2959)
Syrian Desert  (2404,1824)  (2368,1859)  (2368,1823)  (2439,1860)  (2404,1788)  (2440,1788)  (2440,1824)  (2332,1861)  (2332,1825)  (2472,1896)  (2436,1896)  (2416,1752)
Madagascar  (1969,2756)
Moscow  (2117,785)  (2081,820)  (2081,784)  (2152,821)  (2117,749)  (2153,749)  (2153,785)  (2079,748)  (2116,856)  (2080,856)  (2045,820)  (2045,784)  (2188,821)  (2188,857)  (2152,857)  (2044,857)  (2115,713)  (2151,713)  (2187,713)  (2189,749)  (2189,785)  (2043,748)  (2043,712)  (2079,712)  (2223,679)  (2116,892)  (2080,892)  (2009,821)  (2009,785)  (2224,821)  (2224,857)  (2218,893)  (2182,893)  (2044,893)  (2008,893)  (2008,857)  (2115,677)  (2151,677)  (2187,677)  (2225,715)  (2225,751)  (2007,749)  (2146,928)  (2110,928)  (1973,821)  (1973,785)  (2260,787)  (2260,823)  (2260,859)  (2074,929)  (2108,641)  (2144,641)  (2180,641)  (2261,700)  (2261,736)
Libya  (1574,2139)  (1538,2174)  (1538,2138)  (1609,2175)  (1574,2103)  (1610,2103)  (1610,2139)  (1536,2102)  (1502,2179)  (1502,2143)  (1645,2175)  (1646,2101)  (1646,2137)  (1500,2107)  (1466,2162)  (1682,2108)  (1682,2144)  (1464,2126)  (1718,2108)  (1428,2141)  (1754,2074)
Mesopotamia  (2546,1705)  (2510,1740)  (2510,1704)  (2581,1741)  (2546,1669)  (2582,1669)  (2582,1705)  (2508,1668)  (2545,1776)  (2509,1776)  (2602,1777)  (2544,1633)  (2580,1633)  (2497,1632)  (2566,1812)  (2530,1812)  (2533,1597)  (2569,1597)  (2494,1596)  (2587,1848)  (2551,1848)  (2515,1848)  (2530,1561)  (2566,1561)  (2513,1884)  (2571,1525)
Sweden  (1464,672)  (1428,707)  (1428,671)  (1499,708)  (1464,636)  (1500,636)  (1500,672)  (1426,635)  (1463,743)  (1427,743)  (1392,707)  (1392,671)  (1525,744)  (1462,600)  (1536,644)  (1536,680)  (1390,635)  (1393,599)  (1489,779)  (1453,779)  (1534,780)  (1429,564)  (1465,564)  (1393,563)  (1498,815)  (1462,815)  (1429,528)  (1465,528)  (1486,851)  (1414,492)  (1450,492)  (1486,492)  (1522,468)  (1411,456)  (1447,456)  (1483,456)  (1519,432)  (1436,420)  (1472,420)  (1508,396)  (1466,384)  (1479,348)
Yorkshire  (996,1041)  (1031,1077)  (995,1077)  (968,1005)
Poland  (1765,1074)  (1729,1109)  (1729,1073)  (1800,1110)  (1765,1038)  (1801,1038)  (1801,1074)  (1727,1037)  (1764,1145)  (1693,1106)  (1836,1110)  (1763,1002)  (1837,1035)  (1837,1071)  (1691,1070)  (1691,1034)  (1727,1001)
Naples  (1633,1723)  (1630,1759)  (1604,1687)
Bulgaria  (2021,1568)  (1985,1603)  (1985,1567)  (2023,1604)  (2042,1532)  (2057,1568)  (2078,1511)  (1949,1616)  (1949,1580)  (1949,1544)  (2013,1640)  (2093,1547)  (2114,1504)
Nigeria  (1416,2464)  (1380,2499)  (1380,2463)  (1452,2440)  (1452,2476)  (1344,2514)  (1344,2478)  (1344,2442)  (1488,2430)  (1488,2466)  (1308,2499)  (1524,2428)
Tunisia  (1365,2053)  (1330,2017)  (1401,2063)  (1366,2007)
Tatarstan  (2465,1033)  (2429,1068)  (2429,1032)  (2500,1069)  (2465,997)  (2501,997)  (2501,1033)  (2427,996)  (2464,1104)  (2428,1104)  (2393,1068)  (2393,1032)  (2536,1069)  (2536,1105)  (2500,1105)  (2392,1105)  (2463,961)  (2499,961)  (2537,976)  (2537,1012)  (2391,996)  (2391,960)  (2427,960)  (2464,1140)  (2428,1140)  (2357,1069)  (2357,1033)  (2572,1048)  (2572,1084)  (2572,1120)  (2536,1141)  (2500,1141)  (2392,1141)  (2356,1123)  (2463,925)  (2573,1012)  (2355,997)  (2355,961)  (2355,925)  (2391,924)  (2427,924)  (2587,1156)  (2464,1176)  (2321,1069)  (2321,1033)  (2608,1048)  (2608,1084)  (2608,1120)  (2551,1177)  (2515,1177)  (2320,889)
Portuguese East Africa  (1787,2769)  (1848,2727)  (1724,2846)  (1884,2712)
Sardinia  (1330,1790)
Burgundy  (1143,1484)  (1107,1519)  (1111,1448)  (1147,1448)  (1179,1485)  (1092,1412)  (1128,1412)  (1225,1503)
French Equatorial Africa  (1736,2449)  (1700,2484)  (1700,2448)  (1771,2485)  (1736,2413)  (1772,2413)  (1772,2449)  (1698,2412)  (1664,2460)  (1808,2476)  (1662,2424)
Switzerland  (1326,1431)  (1290,1465)  (1362,1432)
Spain  (912,1798)  (876,1833)  (876,1797)  (947,1834)  (912,1762)  (948,1762)  (948,1798)  (874,1761)  (911,1869)  (875,1869)  (840,1833)  (840,1797)  (983,1834)  (983,1870)  (947,1870)  (839,1870)  (910,1726)  (946,1726)  (982,1726)  (984,1762)  (984,1798)  (838,1761)  (838,1725)  (874,1725)  (1018,1707)  (911,1905)  (875,1905)  (804,1834)  (804,1798)  (959,1906)  (839,1906)  (803,1906)  (803,1870)  (910,1690)  (946,1690)  (1020,1743)  (1020,1779)  (1020,1815)  (802,1762)  (802,1726)  (802,1690)  (838,1689)  (874,1689)  (1054,1706)  (923,1941)  (887,1941)  (851,1942)  (815,1942)  (1056,1742)  (766,1699)  (1092,1712)
Sicily  (1525,1888)
Bohemia  (1572,1228)  (1536,1260)  (1536,1224)  (1590,1264)  (1608,1202)  (1626,1238)  (1500,1231)
Sahara  (1399,2285)  (1363,2320)  (1363,2284)  (1434,2321)  (1399,2249)  (1435,2249)  (1435,2285)  (1361,2248)  (1398,2356)  (1362,2356)  (1327,2320)  (1327,2284)  (1470,2321)  (1470,2357)  (1434,2357)  (1326,2357)  (1397,2213)  (1433,2213)  (1471,2218)  (1471,2254)  (1325,2248)  (1325,2212)  (1361,2212)  (1398,2392)  (1362,2392)  (1291,2321)  (1291,2285)  (1506,2290)  (1506,2326)  (1506,2362)  (1290,2382)  (1507,2226)  (1289,2249)  (1289,2213)  (1289,2177)  (1325,2176)  (1361,2176)  (1255,2346)  (1255,2310)  (1542,2262)  (1542,2298)  (1542,2334)  (1542,2370)  (1254,2141)  (1253,2274)  (1253,2238)  (1253,2202)  (1290,2140)  (1219,2374)  (1219,2338)  (1578,2234)  (1578,2270)  (1578,2306)  (1578,2342)
Kiel  (1343,1052)  (1369,1088)  (1336,1016)
Ruhr  (1306,1187)  (1270,1212)  (1338,1223)  (1303,1151)
Rome  (1534,1691)  (1498,1680)
Belgian Congo  (1720,2604)  (1684,2639)  (1684,2603)  (1755,2640)  (1720,2568)  (1756,2568)  (1756,2604)  (1682,2567)  (1675,2675)  (1648,2639)  (1648,2603)  (1792,2546)  (1792,2582)  (1612,2651)  (1828,2533)  (1576,2659)  (1864,2513)
Arabia  (2430,2073)  (2394,2108)  (2394,2072)  (2465,2109)  (2430,2037)  (2466,2037)  (2466,2073)  (2392,2036)  (2429,2144)  (2393,2144)  (2358,2108)  (2358,2072)  (2501,2109)  (2499,2145)  (2357,2145)  (2428,2001)  (2464,2001)  (2500,2001)  (2502,2037)  (2502,2073)  (2356,2036)  (2356,2000)  (2392,2000)  (2458,2180)  (2422,2180)  (2322,2076)  (2386,2181)  (2350,2181)  (2428,1965)  (2464,1965)  (2538,2043)  (2538,2079)  (2320,2040)  (2320,2004)  (2325,1964)  (2361,1964)  (2416,2217)  (2380,2217)  (2574,2029)  (2338,1928)  (2374,1928)  (2373,2253)  (2610,2011)  (2337,2267)  (2301,2291)
Sevastopol  (2423,1307)  (2387,1305)  (2458,1343)  (2423,1271)  (2459,1271)  (2459,1307)  (2384,1269)  (2422,1378)  (2351,1316)  (2494,1343)  (2494,1379)  (2458,1379)  (2420,1235)  (2495,1296)  (2348,1280)  (2348,1244)  (2384,1233)  (2323,1208)  (2318,1413)  (2315,1341)  (2530,1332)  (2530,1368)  (2530,1404)  (2494,1415)  (2458,1415)  (2312,1305)  (2312,1269)  (2359,1197)  (2296,1377)  (2555,1440)  (2563,1296)  (2279,1341)  (2566,1332)  (2566,1368)  (2566,1404)  (2519,1451)  (2483,1451)  (2276,1305)  (2591,1440)  (2591,1476)  (2555,1476)  (2243,1343)  (2602,1361)  (2602,1397)  (2519,1487)  (2240,1307)  (2627,1433)
SZ 8  (914,1327)  (878,1362)  (878,1326)  (921,1363)  (914,1291)  (950,1291)  (950,1327)  (842,1393)  (842,1357)  (842,1321)  (986,1299)  (830,1244)  (818,1208)  (854,1208)  (861,1152)  (868,1116)  (878,1080)  (914,1079)
SZ 7  (707,1383)  (671,1418)  (671,1382)  (742,1419)  (707,1347)  (743,1347)  (743,1383)  (669,1346)  (706,1454)  (670,1454)  (635,1418)  (635,1382)  (750,1455)  (634,1455)  (705,1311)  (741,1311)  (777,1311)  (779,1347)  (779,1383)  (637,1310)  (714,1490)  (678,1490)  (752,1491)  (642,1491)  (673,1275)  (709,1275)  (745,1275)  (781,1275)  (716,1526)  (680,1526)  (753,1527)  (644,1527)  (641,1239)  (677,1239)  (713,1239)  (749,1239)  (717,1562)  (681,1562)  (755,1563)  (645,1563)  (643,1203)  (679,1203)  (777,1203)  (719,1598)  (683,1598)  (757,1599)  (647,1599)  (646,1167)  (682,1151)  (721,1634)  (685,1634)
Algeria  (1163,2038)  (1127,2071)  (1127,2035)  (1198,2074)  (1163,2002)  (1199,2002)  (1199,2038)  (1123,1999)  (1091,2076)  (1091,2040)  (1235,1990)  (1235,2026)  (1235,2062)  (1087,2004)  (1055,2090)  (1055,2054)  (1271,2005)  (1271,2041)  (1051,2018)  (1292,2077)  (1019,2105)  (983,2107)
SZ 6  (1848,321)  (1812,325)  (1812,289)  (1883,357)  (1779,253)  (1919,358)  (1883,393)  (1920,394)  (1760,217)  (1930,430)  (1643,124)  (1614,88)  (1578,107)  (1578,71)  (1568,35)  (1542,108)  (1542,72)
SZ 5  (1084,636)  (1048,671)  (1048,635)  (1119,672)  (1084,600)  (1120,600)  (1120,636)  (1046,599)  (1083,707)  (1047,707)  (1012,671)  (1012,635)  (1155,672)  (1155,708)  (1119,708)  (1011,708)  (1082,564)  (1118,564)  (1154,564)  (1156,600)  (1010,599)  (1040,563)  (1190,530)  (1076,528)  (1112,528)  (1148,528)  (1192,566)  (1184,494)  (1220,494)  (1111,492)  (1147,492)  (1256,464)  (1256,500)  (1183,458)  (1219,458)  (1147,456)  (1255,428)  (1183,422)  (1219,422)  (1291,409)  (1255,392)  (1217,386)  (1291,373)  (1253,356)  (1289,337)  (1302,301)
SZ 4  (887,783)  (851,818)  (851,782)  (906,819)  (887,747)  (923,747)  (923,783)  (870,854)  (834,854)  (815,818)  (892,711)  (928,711)  (959,747)  (959,783)  (964,706)  (845,890)  (928,675)  (851,926)
SZ 3  (714,982)  (678,1017)  (678,981)  (749,1018)  (714,946)  (750,946)  (750,982)  (676,945)  (709,1053)  (673,1053)  (642,1017)  (642,981)  (712,910)  (748,910)  (784,910)  (786,946)  (786,982)  (637,1058)  (606,1019)  (729,874)  (765,874)
South West Africa  (1469,2843)  (1433,2832)  (1471,2879)  (1469,2807)  (1505,2808)  (1462,2915)
SZ 2  (505,1492)  (469,1527)  (469,1491)  (540,1528)  (505,1456)  (541,1456)  (541,1492)  (467,1455)  (504,1563)  (468,1563)  (433,1527)  (433,1491)  (576,1528)  (576,1564)  (540,1564)  (432,1564)  (503,1420)  (539,1420)  (575,1420)  (577,1456)  (577,1492)  (504,1599)  (468,1599)  (397,1503)  (596,1600)  (560,1600)  (432,1600)  (491,1384)  (527,1384)  (563,1384)  (423,1374)  (485,1348)  (521,1348)  (557,1348)  (593,1348)  (424,1338)  (460,1312)  (496,1312)  (532,1312)  (568,1312)  (422,1302)  (500,1276)  (536,1276)  (572,1276)  (525,1240)  (561,1240)  (597,1240)  (570,1204)  (606,1201)  (571,1165)  (607,1165)
SZ 1  (310,1727)  (274,1762)  (274,1726)  (345,1763)  (310,1691)  (346,1691)  (346,1727)  (272,1690)  (309,1798)  (273,1798)  (238,1762)  (238,1726)  (381,1763)  (381,1799)  (345,1799)  (237,1798)  (308,1655)  (344,1655)  (380,1655)  (382,1691)  (382,1727)  (236,1690)  (243,1654)  (309,1834)  (273,1834)  (202,1762)  (405,1835)  (369,1835)  (279,1619)  (315,1619)  (351,1619)  (240,1618)  (333,1870)  (408,1871)  (372,1871)  (276,1583)  (312,1583)  (348,1583)  (412,1907)  (376,1907)  (285,1547)  (321,1547)  (357,1547)  (415,1943)  (316,1511)  (418,1979)
Gold Coast  (1145,2459)  (1165,2495)  (1129,2495)  (1152,2423)
Trieste  (1652,1523)  (1616,1531)  (1616,1495)  (1687,1559)  (1688,1521)  (1587,1459)  (1723,1557)
Berlin  (1447,1032)  (1411,1067)  (1411,1031)  (1482,1068)  (1447,996)
German East Africa  (1895,2616)  (1859,2650)  (1859,2614)  (1925,2652)  (1895,2580)  (1931,2580)  (1931,2616)  (1823,2650)
Prussia  (1588,1022)  (1552,1050)  (1552,1014)  (1622,986)  (1658,960)
Belarus  (1946,1000)  (1910,1035)  (1910,999)  (1981,1036)  (1946,964)  (1982,964)  (1982,1000)  (1908,963)  (1945,1071)  (1909,1071)  (1874,999)  (2017,1036)  (2002,1072)  (1944,928)  (2018,988)  (1872,963)  (1946,892)  (1836,988)
Albania  (1802,1674)  (1822,1710)  (1797,1638)
Rhodesia  (1707,2741)  (1671,2776)  (1710,2777)  (1741,2705)  (1777,2691)  (1674,2812)  (1635,2785)
Anglo Egyptian Sudan  (1991,2319)  (1955,2354)  (1955,2318)  (2026,2355)  (1991,2283)  (2027,2283)  (2027,2319)  (1953,2282)  (1990,2390)  (1954,2390)  (1919,2354)  (1919,2318)  (2034,2391)  (1918,2391)  (1989,2247)  (2025,2247)  (2061,2247)  (2063,2283)  (2063,2319)  (1935,2246)  (2097,2222)  (1968,2426)  (1883,2355)  (1932,2427)  (1896,2427)  (1882,2391)  (2099,2258)  (2099,2294)  (1860,2444)  (2133,2222)  (1919,2463)  (1846,2408)  (1846,2372)  (2135,2258)  (2169,2219)
Piedmont  (1332,1528)  (1296,1560)  (1296,1524)  (1368,1495)  (1368,1531)
Corsica  (1263,1691)
SZ 13  (518,1870)  (482,1905)  (482,1869)  (553,1906)  (518,1834)  (554,1834)  (554,1870)  (480,1833)  (517,1941)  (481,1941)  (588,1942)  (516,1798)  (552,1798)  (444,1836)  (444,1800)  (480,1797)  (438,1764)  (552,1977)  (516,1977)  (480,1977)  (592,1978)  (516,1762)  (552,1762)  (474,1761)  (435,1728)  (556,2013)  (520,2013)  (484,2013)  (596,2014)  (510,1726)  (546,1726)  (471,1725)  (432,1692)  (560,2049)  (524,2049)  (488,2049)  (600,2050)  (507,1690)  (543,1690)  (468,1689)  (564,2085)  (604,2086)
Brest  (905,1441)  (869,1436)  (940,1477)  (941,1431)
SZ 12  (1603,593)  (1567,604)  (1567,568)  (1638,629)  (1603,557)  (1639,571)  (1602,640)  (1541,532)  (1649,665)  (1675,573)  (1613,676)  (1649,701)  (1613,712)  (1577,724)  (1664,737)  (1628,748)  (1592,760)  (1570,414)  (1639,784)  (1603,796)  (1639,820)  (1672,860)  (1708,883)
Afghanistan  (2858,1545)  (2822,1580)  (2822,1544)  (2893,1581)  (2858,1509)  (2894,1509)  (2894,1545)  (2857,1616)  (2821,1616)  (2850,1473)  (2886,1473)  (2861,1437)
SZ 11  (1559,923)  (1523,951)  (1523,915)  (1580,959)  (1559,887)  (1595,887)  (1595,923)  (1487,947)  (1567,851)  (1631,894)  (1451,938)  (1440,902)  (1425,866)  (1407,830)  (1372,787)
SZ 10  (1231,934)  (1195,969)  (1195,933)  (1266,970)  (1231,898)  (1193,897)  (1267,877)  (1230,1005)  (1194,1005)  (1292,1006)  (1229,862)  (1173,861)  (1265,841)  (1220,1041)  (1184,1041)  (1209,826)  (1172,825)  (1301,821)  (1220,1077)  (1184,1077)  (1171,789)  (1326,785)
Coastal Barrage 8  (433,576)  (397,611)  (397,575)  (468,612)  (433,540)  (469,540)  (469,576)  (395,539)
SZ 17  (1713,1927)  (1677,1962)  (1677,1926)  (1748,1963)  (1713,1891)  (1749,1891)  (1749,1927)  (1675,1890)  (1712,1998)  (1676,1998)  (1641,1962)  (1641,1926)  (1784,1963)  (1784,1999)  (1748,1999)  (1640,1999)  (1711,1855)  (1747,1855)  (1783,1855)  (1785,1891)  (1785,1927)  (1639,1890)  (1649,1854)  (1712,2034)  (1676,2034)  (1605,1963)  (1605,1927)  (1820,1963)  (1820,1999)  (1640,2035)  (1604,2035)  (1604,1999)  (1685,1819)  (1721,1819)  (1757,1819)  (1793,1819)  (1821,1917)  (1603,1891)  (1591,1808)  (1577,1855)  (1569,1963)  (1569,1927)  (1856,1953)  (1856,1989)  (1568,2042)  (1568,2006)  (1686,1783)  (1722,1783)  (1758,1783)  (1567,1891)  (1557,1772)
Coastal Barrage 7  (308,578)  (272,613)  (272,577)  (343,614)  (308,542)  (344,542)  (344,578)  (270,541)
SZ 16  (1175,1896)  (1139,1931)  (1139,1895)  (1210,1932)  (1175,1860)  (1211,1860)  (1211,1896)  (1137,1859)  (1103,1953)  (1103,1917)  (1246,1932)  (1173,1824)  (1209,1824)  (1247,1843)  (1247,1879)  (1101,1881)  (1101,1845)  (1137,1823)  (1089,1809)  (1067,1961)  (1067,1925)  (1282,1920)  (1173,1788)  (1209,1788)  (1065,1889)  (1065,1853)  (1125,1787)  (1295,1956)  (1031,1969)  (1031,1933)  (1161,1752)  (1197,1752)  (1029,1897)  (1233,1747)  (1331,1936)  (995,1977)  (1152,1716)  (1188,1716)  (1224,1711)  (1260,1711)  (1367,1949)  (959,1985)  (1148,1680)  (1184,1680)  (1220,1675)  (1256,1675)  (1292,1675)  (1403,1961)  (923,1992)  (1430,1997)
United States of America  (110,1589)  (74,1624)  (74,1588)  (145,1625)  (110,1553)  (146,1553)  (146,1589)  (72,1552)  (109,1660)  (38,1599)  (181,1625)  (181,1661)  (145,1661)  (162,1517)  (182,1553)  (182,1589)  (87,1516)  (198,1501)  (169,1697)  (218,1537)  (234,1472)  (270,1447)  (270,1483)  (286,1411)
Himalayas  (3032,1571)  (2996,1606)  (2996,1570)  (3067,1607)  (3032,1535)  (3068,1535)  (3068,1571)  (2994,1534)  (3031,1642)  (2995,1642)  (2960,1606)  (2960,1570)  (3103,1607)  (3082,1643)  (2959,1643)  (3030,1499)  (3104,1543)  (2958,1534)  (2958,1498)  (2994,1498)  (3046,1678)  (3010,1678)  (3139,1579)  (2951,1462)  (2987,1462)  (3023,1462)  (2971,1426)
SZ 15  (863,1559)  (827,1594)  (827,1558)  (898,1595)  (863,1523)  (899,1523)  (899,1559)  (825,1522)  (862,1630)  (826,1630)  (916,1631)  (861,1487)  (789,1492)  (825,1486)  (788,1456)
Egypt  (1965,2124)  (1929,2159)  (1929,2123)  (2000,2160)  (1965,2088)  (2001,2088)  (2001,2124)  (1927,2087)  (1964,2195)  (1928,2195)  (1893,2159)  (1893,2123)  (2036,2160)  (2036,2196)  (2000,2196)  (1892,2196)  (2037,2088)  (2037,2124)  (1891,2087)  (1857,2160)  (1857,2124)  (2072,2160)  (2073,2074)  (2073,2110)  (1855,2088)  (1821,2184)  (1821,2148)  (2108,2146)  (2109,2052)  (2109,2088)  (1819,2112)  (1819,2076)  (2116,2182)  (1785,2184)  (1785,2148)  (2144,2124)  (2152,2160)  (1749,2191)
Coastal Barrage 9  (557,578)  (521,613)  (521,577)  (592,614)  (557,542)  (593,542)  (593,578)  (519,541)
SZ 14  (708,2021)  (672,2056)  (672,2020)  (743,2057)  (708,1985)  (744,1985)  (744,2021)  (670,1984)  (707,2092)  (671,2092)  (774,2093)  (634,1997)  (634,1961)  (670,1948)  (627,1925)  (663,1912)  (623,1889)  (659,1876)  (619,1853)  (655,1840)  (615,1817)  (651,1804)  (611,1781)  (647,1768)  (607,1745)  (643,1732)  (603,1709)  (639,1696)
Coastal Barrage 4  (309,450)  (273,485)  (273,449)  (344,486)  (309,414)  (345,414)  (345,450)  (271,413)
Coastal Barrage 3  (562,325)  (526,360)  (526,324)  (597,361)  (562,289)  (598,289)  (598,325)  (524,288)
Scotland  (945,913)  (958,949)  (981,887)
Coastal Barrage 6  (558,449)  (522,484)  (522,448)  (593,485)  (558,413)  (594,413)  (594,449)  (520,412)
Coastal Barrage 5  (434,450)  (398,485)  (398,449)  (469,486)  (434,414)  (470,414)  (470,450)  (396,413)
Coastal Barrage 2  (432,324)  (396,359)  (396,323)  (467,360)  (432,288)  (468,288)  (468,324)  (394,287)
Coastal Barrage 1  (306,326)  (270,361)  (270,325)  (341,362)  (306,290)  (342,290)  (342,326)  (268,289)
Karelia  (1954,593)  (1918,628)  (1918,592)  (1989,629)  (1954,557)  (1990,557)  (1990,593)  (1916,556)  (1953,664)  (1917,664)  (1882,628)  (1882,592)  (2025,629)  (2003,665)  (1881,665)  (1952,521)  (1988,521)  (2024,521)  (2026,557)  (2026,593)  (1880,556)  (1880,520)  (1916,520)  (1934,700)  (2061,629)  (1898,701)  (2033,485)  (1844,587)  (1844,513)  (1880,484)  (1916,484)  (1837,477)  (1801,493)  (1801,457)  (1837,441)  (1781,421)  (1817,405)  (1745,423)  (1745,387)  (1781,385)  (1711,351)  (1747,349)  (1675,325)  (1711,315)  (1649,289)  (1613,274)  (1649,253)  (1613,238)  (1649,217)  (1704,215)  (1604,202)
Ireland  (793,1101)  (757,1089)  (809,1137)  (773,1137)  (801,1065)  (837,1047)
Vienna  (1681,1331)  (1645,1366)  (1645,1330)  (1716,1367)  (1681,1295)  (1717,1295)  (1717,1331)  (1643,1294)  (1680,1402)  (1644,1402)  (1609,1339)  (1714,1259)  (1750,1259)  (1607,1303)  (1676,1438)
Serbia  (1848,1567)  (1812,1577)  (1812,1541)  (1883,1603)  (1848,1531)  (1884,1554)  (1847,1613)  (1798,1505)  (1895,1639)  (1859,1649)
Smyrna  (2183,1787)  (2147,1822)  (2147,1786)  (2188,1823)  (2219,1758)  (2224,1794)  (2252,1718)  (2111,1849)  (2111,1813)  (2255,1754)  (2260,1790)  (2288,1714)  (2075,1858)  (2075,1822)  (2291,1750)  (2039,1872)  (2039,1836)  (2327,1760)
Holland  (1240,1132)  (1204,1149)  (1266,1078)
Romania  (2057,1421)  (2021,1456)  (2021,1420)  (2092,1457)  (2057,1385)  (2093,1412)  (2019,1384)  (2008,1492)  (1985,1456)  (2128,1448)  (2018,1348)  (1972,1496)  (2151,1412)  (1949,1460)  (2014,1312)  (1936,1497)  (2178,1376)  (2003,1275)
Persia  (2725,1698)  (2689,1733)  (2689,1697)  (2760,1734)  (2725,1662)  (2761,1662)  (2761,1698)  (2687,1661)  (2724,1769)  (2688,1769)  (2653,1733)  (2653,1697)  (2796,1734)  (2793,1770)  (2652,1770)  (2723,1626)  (2759,1626)  (2797,1679)  (2651,1661)  (2651,1625)  (2687,1625)  (2757,1805)  (2721,1805)  (2685,1806)  (2649,1806)  (2723,1590)  (2759,1590)  (2629,1589)  (2665,1589)  (2759,1841)  (2723,1841)  (2687,1842)  (2651,1842)  (2628,1553)  (2703,1878)  (2667,1878)  (2631,1878)  (2628,1517)
Togoland  (1242,2459)  (1206,2477)  (1222,2423)  (1258,2423)
SZ 9  (1085,914)  (1049,949)  (1049,913)  (1120,950)  (1085,878)  (1121,878)  (1121,914)  (1047,877)  (1084,985)  (1048,985)  (1138,986)  (1083,842)  (1119,842)  (1039,841)  (1102,1021)  (1139,1022)  (1075,806)  (1111,806)  (1021,805)  (1103,1057)  (1140,1058)  (1057,770)  (1093,770)  (1129,770)  (1000,769)  (1104,1093)  (1141,1094)  (1029,1267)
Galicia  (1851,1204)  (1815,1223)  (1886,1240)  (1855,1168)  (1887,1204)  (1779,1201)  (1923,1195)  (1923,1231)
Alsace  (1328,1328)  (1292,1363)  (1292,1310)  (1328,1292)  (1364,1324)
Spanish Morocco  (920,2050)  (884,2069)  (884,2033)  (956,2034)  (848,2032)  (992,2038)
Norway  (1268,652)  (1232,687)  (1232,651)  (1303,688)  (1268,616)  (1304,616)  (1304,652)  (1230,615)  (1267,723)  (1231,723)  (1306,724)  (1266,580)  (1302,580)  (1338,580)  (1194,638)  (1270,759)  (1234,759)  (1296,544)  (1332,544)  (1302,508)  (1338,508)  (1374,490)  (1324,472)  (1360,454)  (1334,418)  (1370,418)  (1341,382)  (1377,382)  (1413,375)  (1363,346)  (1399,339)  (1435,336)  (1371,303)  (1407,300)  (1380,264)  (1416,264)  (1452,238)  (1475,192)
Denmark  (1333,892)  (1338,928)  (1343,856)  (1338,964)
Ankara  (2370,1647)  (2334,1682)  (2334,1646)  (2405,1683)  (2370,1611)  (2406,1611)  (2406,1647)  (2332,1610)  (2369,1718)  (2298,1657)  (2441,1683)  (2442,1608)  (2442,1644)  (2296,1621)  (2260,1656)
Paris  (1029,1471)  (993,1506)  (993,1470)  (1063,1507)  (1029,1435)  (1065,1461)  (991,1434)